#Layer_Color=16711935
#
#Feature symbol names
#
$0 r3.937

#
#Feature attribute names
#

#
#Layer features
#
A 0.3407086 2.2213385 0.3407086 2.2213385 0.3210236 2.2213385 0 P 0 N
A 0.6406531 2.5293384 0.6406531 2.5293384 0.6209681 2.5293384 0 P 0 N
A 0.8480153 2.2342597 0.8480153 2.2342597 0.8283303 2.2342597 0 P 0 N
A 1.1710862 2.2564109 1.1710862 2.2564109 1.1514012 2.2564109 0 P 0 N
A 1.4379129 2.256236 1.4379129 2.256236 1.4182279 2.256236 0 P 0 N
A 1.6807086 2.2263385 1.6807086 2.2263385 1.6610236 2.2263385 0 P 0 N
A 1.9806531 2.5343384 1.9806531 2.5343384 1.9609681 2.5343384 0 P 0 N
A 2.0780153 2.2242597 2.0780153 2.2242597 2.0583303 2.2242597 0 P 0 N
A 2.4010862 2.2464109 2.4010862 2.2464109 2.3814012 2.2464109 0 P 0 N
A 2.6629129 2.246236 2.6629129 2.246236 2.6432279 2.246236 0 P 0 N
A 2.9057086 2.2163385 2.9057086 2.2163385 2.8860236 2.2163385 0 P 0 N
A 4.3803305 0.6805669 4.3803305 0.6805669 4.3606455 0.6805669 0 P 0 N
A 4.6933619 0.742622 4.6933619 0.742622 4.6736769 0.742622 0 P 0 N
L 0.2380707 1.5798818 0.2380707 1.690118 0 P 0
L 0.2380707 1.5798818 0.371929 1.5798818 0 P 0
L 0.2380707 1.690118 0.371929 1.690118 0 P 0
L 0.2855905 2.1859054 0.2855905 2.3847243 0 P 0
L 0.2855905 2.1859054 0.4844094 2.1859054 0 P 0
L 0.2855905 2.3847243 0.4844094 2.3847243 0 P 0
L 0.371929 1.5798818 0.371929 1.690118 0 P 0
L 0.4792358 2.4939053 0.4792358 2.7537478 0 P 0
L 0.4792358 2.4939053 0.6564012 2.4939053 0 P 0
L 0.4792358 2.7537478 0.6564012 2.7537478 0 P 0
L 0.4844094 2.1859054 0.4844094 2.3847243 0 P 0
L 0.5430707 3.6848818 0.5430707 3.795118 0 P 0
L 0.5430707 3.6848818 0.676929 3.6848818 0 P 0
L 0.5430707 3.795118 0.676929 3.795118 0 P 0
L 0.6564012 2.4939053 0.6564012 2.7537478 0 P 0
L 0.676929 3.6848818 0.676929 3.795118 0 P 0
L 0.7928972 2.1988266 0.7928972 2.3976455 0 P 0
L 0.7928972 2.1988266 0.9917161 2.1988266 0 P 0
L 0.7928972 2.3976455 0.9917161 2.3976455 0 P 0
L 0.9534924 3.3006818 0.9534924 3.418792 0 P 0
L 0.9534924 3.3006818 1.0716026 3.3006818 0 P 0
L 0.9534924 3.418792 1.0716026 3.418792 0 P 0
L 0.9917161 2.1988266 0.9917161 2.3976455 0 P 0
L 1.0716026 3.3006818 1.0716026 3.418792 0 P 0
L 1.1159682 2.2209778 1.1159682 2.3430251 0 P 0
L 1.1159682 2.2209778 1.2380154 2.2209778 0 P 0
L 1.1159682 2.3430251 1.2380154 2.3430251 0 P 0
L 1.2380154 2.2209778 1.2380154 2.3430251 0 P 0
L 1.2722724 3.3016818 1.2722724 3.419792 0 P 0
L 1.2722724 3.3016818 1.3903826 3.3016818 0 P 0
L 1.2722724 3.419792 1.3903826 3.419792 0 P 0
L 1.3827949 2.2208029 1.3827949 2.3428502 0 P 0
L 1.3827949 2.2208029 1.5048421 2.2208029 0 P 0
L 1.3827949 2.3428502 1.5048421 2.3428502 0 P 0
L 1.3903826 3.3016818 1.3903826 3.419792 0 P 0
L 1.5048421 2.2208029 1.5048421 2.3428502 0 P 0
L 1.6255905 2.1909054 1.6255905 2.3897243 0 P 0
L 1.6255905 2.1909054 1.8244094 2.1909054 0 P 0
L 1.6255905 2.3897243 1.8244094 2.3897243 0 P 0
L 1.8192358 2.4989053 1.8192358 2.7587478 0 P 0
L 1.8192358 2.4989053 1.9964012 2.4989053 0 P 0
L 1.8192358 2.7587478 1.9964012 2.7587478 0 P 0
L 1.8244094 2.1909054 1.8244094 2.3897243 0 P 0
L 1.9964012 2.4989053 1.9964012 2.7587478 0 P 0
L 2.0228972 2.1888266 2.0228972 2.3876455 0 P 0
L 2.0228972 2.1888266 2.2217161 2.1888266 0 P 0
L 2.0228972 2.3876455 2.2217161 2.3876455 0 P 0
L 2.2217161 2.1888266 2.2217161 2.3876455 0 P 0
L 2.3459682 2.2109778 2.3459682 2.3330251 0 P 0
L 2.3459682 2.2109778 2.4680154 2.2109778 0 P 0
L 2.3459682 2.3330251 2.4680154 2.3330251 0 P 0
L 2.4680154 2.2109778 2.4680154 2.3330251 0 P 0
L 2.6077949 2.2108029 2.6077949 2.3328502 0 P 0
L 2.6077949 2.2108029 2.7298421 2.2108029 0 P 0
L 2.6077949 2.3328502 2.7298421 2.3328502 0 P 0
L 2.7298421 2.2108029 2.7298421 2.3328502 0 P 0
L 2.8505905 2.1809054 2.8505905 2.3797243 0 P 0
L 2.8505905 2.1809054 3.0494094 2.1809054 0 P 0
L 2.8505905 2.3797243 3.0494094 2.3797243 0 P 0
L 3.0494094 2.1809054 3.0494094 2.3797243 0 P 0
L 3.8143307 1.0543307 3.8143307 1.3456693 0 P 0
L 3.8143307 1.0543307 4.1056693 1.0543307 0 P 0
L 3.8143307 1.3456693 4.1056693 1.3456693 0 P 0
L 3.9813306 0.1263306 3.9813306 0.4176692 0 P 0
L 3.9813306 0.1263306 4.2726692 0.1263306 0 P 0
L 3.9813306 0.4176692 4.2726692 0.4176692 0 P 0
L 4.1056693 1.0543307 4.1056693 1.3456693 0 P 0
L 4.2726692 0.1263306 4.2726692 0.4176692 0 P 0
L 4.2740314 0.6451338 4.2740314 0.8065511 0 P 0
L 4.2740314 0.6451338 4.3960786 0.6451338 0 P 0
L 4.2740314 0.8065511 4.3960786 0.8065511 0 P 0
L 4.3813038 0.1263306 4.3813038 0.4176692 0 P 0
L 4.3813038 0.1263306 4.6726424 0.1263306 0 P 0
L 4.3813038 0.4176692 4.6726424 0.4176692 0 P 0
L 4.3960786 0.6451338 4.3960786 0.8065511 0 P 0
L 4.5909998 0.6599448 4.5909998 0.7780551 0 P 0
L 4.5909998 0.6599448 4.70911 0.6599448 0 P 0
L 4.5909998 0.7780551 4.70911 0.7780551 0 P 0
L 4.6726424 0.1263306 4.6726424 0.4176692 0 P 0
L 4.70911 0.6599448 4.70911 0.7780551 0 P 0
L 5.0569341 0.376855 5.0569341 0.4870912 0 P 0
L 5.0569341 0.376855 5.1907924 0.376855 0 P 0
L 5.0569341 0.4870912 5.1907924 0.4870912 0 P 0
L 5.1907924 0.376855 5.1907924 0.4870912 0 P 0
