#Layer_Color=32768
#
#Feature symbol names
#
$0 r3.937
$1 r1.9685

#
#Feature attribute names
#

#
#Layer features
#
L 0.2124802 1.5720078 0.2124802 1.697992 1 P 0
L 0.2124802 1.5720078 0.3975196 1.5720078 1 P 0
L 0.2124802 1.697992 0.3975196 1.697992 1 P 0
L 0.2609842 2.1612991 0.2609842 2.4093306 1 P 0
L 0.2609842 2.1612991 0.5090157 2.1612991 1 P 0
L 0.2609842 2.4093306 0.5090157 2.4093306 1 P 0
L 0.2853148 1.6349999 0.3246849 1.6349999 0 P 0
L 0.3049999 1.6153149 0.3049999 1.6546849 0 P 0
L 0.3653149 2.2853148 0.404685 2.2853148 0 P 0
L 0.3849999 2.2656298 0.3849999 2.3049999 0 P 0
L 0.3975196 1.5720078 0.3975196 1.697992 1 P 0
L 0.4260862 2.4899683 0.4260862 2.7576848 1 P 0
L 0.4260862 2.4899683 0.7095508 2.4899683 1 P 0
L 0.4260862 2.7576848 0.7095508 2.7576848 1 P 0
L 0.5090157 2.1612991 0.5090157 2.4093306 1 P 0
L 0.5174802 3.6770078 0.5174802 3.802992 1 P 0
L 0.5174802 3.6770078 0.7025196 3.6770078 1 P 0
L 0.5174802 3.802992 0.7025196 3.802992 1 P 0
L 0.5481334 2.6238266 0.5875035 2.6238266 0 P 0
L 0.5678185 2.6041415 0.5678185 2.6435116 0 P 0
L 0.5903148 3.7399999 0.6296849 3.7399999 0 P 0
L 0.6099999 3.7203149 0.6099999 3.7596849 0 P 0
L 0.7025196 3.6770078 0.7025196 3.802992 1 P 0
L 0.7095508 2.4899683 0.7095508 2.7576848 1 P 0
L 0.7682909 2.1742203 0.7682909 2.4222518 1 P 0
L 0.7682909 2.1742203 1.0163224 2.1742203 1 P 0
L 0.7682909 2.4222518 1.0163224 2.4222518 1 P 0
L 0.8726216 2.298236 0.9119917 2.298236 0 P 0
L 0.8923066 2.278551 0.8923066 2.3179211 0 P 0
L 0.9495554 3.2406422 0.9495554 3.4788312 1 P 0
L 0.9495554 3.2406422 1.0755396 3.2406422 1 P 0
L 0.9495554 3.4788314 1.0755396 3.4788314 1 P 0
L 0.9928625 3.3597368 1.0322325 3.3597368 0 P 0
L 1.0125475 3.3400518 1.0125475 3.3794218 0 P 0
L 1.0163224 2.1742203 1.0163224 2.4222518 1 P 0
L 1.0755396 3.2406424 1.0755396 3.4788314 1 P 0
L 1.1061256 2.15897 1.1061256 2.405033 1 P 0
L 1.1061256 2.15897 1.2478579 2.15897 1 P 0
L 1.1061256 2.405033 1.2478579 2.405033 1 P 0
L 1.1573067 2.2820015 1.1966768 2.2820015 0 P 0
L 1.1769918 2.2623164 1.1769918 2.3016865 0 P 0
L 1.2478579 2.15897 1.2478579 2.405033 1 P 0
L 1.2683354 3.2416422 1.2683354 3.4798312 1 P 0
L 1.2683354 3.2416422 1.3943196 3.2416422 1 P 0
L 1.2683354 3.4798314 1.3943196 3.4798314 1 P 0
L 1.3116425 3.3607368 1.3510125 3.3607368 0 P 0
L 1.3313275 3.3410518 1.3313275 3.3804218 0 P 0
L 1.3729523 2.1587951 1.3729523 2.4048581 1 P 0
L 1.3729523 2.1587951 1.5146846 2.1587951 1 P 0
L 1.3729523 2.4048581 1.5146846 2.4048581 1 P 0
L 1.3943196 3.2416424 1.3943196 3.4798314 1 P 0
L 1.4241334 2.2818266 1.4635035 2.2818266 0 P 0
L 1.4438185 2.2621415 1.4438185 2.3015116 0 P 0
L 1.5146846 2.1587951 1.5146846 2.4048581 1 P 0
L 1.6009842 2.1662991 1.6009842 2.4143306 1 P 0
L 1.6009842 2.1662991 1.8490157 2.1662991 1 P 0
L 1.6009842 2.4143306 1.8490157 2.4143306 1 P 0
L 1.7053149 2.2903148 1.744685 2.2903148 0 P 0
L 1.7249999 2.2706298 1.7249999 2.3099999 0 P 0
L 1.7660862 2.4949683 1.7660862 2.7626848 1 P 0
L 1.7660862 2.4949683 2.0495508 2.4949683 1 P 0
L 1.7660862 2.7626848 2.0495508 2.7626848 1 P 0
L 1.8490157 2.1662991 1.8490157 2.4143306 1 P 0
L 1.8881334 2.6288266 1.9275035 2.6288266 0 P 0
L 1.9078185 2.6091415 1.9078185 2.6485116 0 P 0
L 1.9982909 2.1642203 1.9982909 2.4122518 1 P 0
L 1.9982909 2.1642203 2.2463224 2.1642203 1 P 0
L 1.9982909 2.4122518 2.2463224 2.4122518 1 P 0
L 2.0495508 2.4949683 2.0495508 2.7626848 1 P 0
L 2.1026216 2.288236 2.1419917 2.288236 0 P 0
L 2.1223066 2.268551 2.1223066 2.3079211 0 P 0
L 2.2463224 2.1642203 2.2463224 2.4122518 1 P 0
L 2.3361256 2.14897 2.3361256 2.395033 1 P 0
L 2.3361256 2.14897 2.4778579 2.14897 1 P 0
L 2.3361256 2.395033 2.4778579 2.395033 1 P 0
L 2.3873067 2.2720015 2.4266768 2.2720015 0 P 0
L 2.4069918 2.2523164 2.4069918 2.2916865 0 P 0
L 2.4778579 2.14897 2.4778579 2.395033 1 P 0
L 2.5979523 2.1487951 2.5979523 2.3948581 1 P 0
L 2.5979523 2.1487951 2.7396846 2.1487951 1 P 0
L 2.5979523 2.3948581 2.7396846 2.3948581 1 P 0
L 2.6491334 2.2718266 2.6885035 2.2718266 0 P 0
L 2.6688185 2.2521415 2.6688185 2.2915116 0 P 0
L 2.7396846 2.1487951 2.7396846 2.3948581 1 P 0
L 2.8259842 2.1562991 2.8259842 2.4043306 1 P 0
L 2.8259842 2.1562991 3.0740157 2.1562991 1 P 0
L 2.8259842 2.4043306 3.0740157 2.4043306 1 P 0
L 2.9303149 2.2803148 2.969685 2.2803148 0 P 0
L 2.9499999 2.2606298 2.9499999 2.2999999 0 P 0
L 3.0740157 2.1562991 3.0740157 2.4043306 1 P 0
L 3.9403149 1.2 3.979685 1.2 0 P 0
L 3.96 1.180315 3.96 1.2196851 0 P 0
L 4.1073148 0.2719999 4.1466849 0.2719999 0 P 0
L 4.1269999 0.2523148 4.1269999 0.2916849 0 P 0
L 4.2513936 0.622496 4.2513936 0.8291889 1 P 0
L 4.2513936 0.622496 4.4187164 0.622496 1 P 0
L 4.2513936 0.8291889 4.4187164 0.8291889 1 P 0
L 4.3153699 0.7258425 4.35474 0.7258425 0 P 0
L 4.335055 0.7061574 4.335055 0.7455275 0 P 0
L 4.4187164 0.622496 4.4187164 0.8291889 1 P 0
L 4.507288 0.2719999 4.5466581 0.2719999 0 P 0
L 4.5269731 0.2523148 4.5269731 0.2916849 0 P 0
L 4.58411 0.6402598 4.58411 0.7977401 1 P 0
L 4.58411 0.6402598 4.7159998 0.6402598 1 P 0
L 4.58411 0.7977401 4.7159998 0.7977401 1 P 0
L 4.6303698 0.7189999 4.6697399 0.7189999 0 P 0
L 4.6500549 0.6993149 4.6500549 0.738685 0 P 0
L 4.7159998 0.6402598 4.7159998 0.7977401 1 P 0
L 5.0313435 0.368981 5.0313435 0.4949652 1 P 0
L 5.0313435 0.368981 5.2163829 0.368981 1 P 0
L 5.0313435 0.4949652 5.2163829 0.4949652 1 P 0
L 5.1041782 0.4319731 5.1435483 0.4319731 0 P 0
L 5.1238632 0.4122881 5.1238632 0.4516581 0 P 0
L 5.2163829 0.368981 5.2163829 0.4949652 1 P 0
